{
 "cells": [
  {
   "cell_type": "code",
   "execution_count": 2,
   "id": "6ee5dac5-303f-46b5-935a-d7c7aff640ef",
   "metadata": {},
   "outputs": [],
   "source": [
    "import numpy as np\n",
    "import h5py\n",
    "from datetime import datetime\n",
    "import os\n",
    "import seaborn as sns\n",
    "import matplotlib.pyplot as plt"
   ]
  },
  {
   "cell_type": "code",
   "execution_count": 3,
   "id": "b10d468e-579f-4d81-b0ac-69c001c9d43b",
   "metadata": {},
   "outputs": [],
   "source": [
    "# qubits = [\"Z1\", \"Z2\"]\n",
    "# os.makedirs(\"covariance_matrix_data\", exist_ok=True)\n",
    "\n",
    "# for i in range(5):\n",
    "#     if i == 0:\n",
    "#         timestamp = datetime.now().strftime(\"%Y%m%d-%H%M%S-%f\")\n",
    "#         qubit_label = \" \".join(qubits)\n",
    "#         file_path = f\"covariance_matrix_data/{timestamp}-CMAES cov {qubit_label}.h5\"\n",
    "    \n",
    "#     matrix = np.random.rand(5, 5, 5)\n",
    "#     with h5py.File(file_path, 'a') as f:\n",
    "#         f.create_dataset(f'Cov_{i}', data=matrix)"
   ]
  },
  {
   "cell_type": "code",
   "execution_count": 15,
   "id": "f234da9a-7cad-42b1-9caf-7d97f5ad4d82",
   "metadata": {},
   "outputs": [],
   "source": [
    "def get_latest_cov(contains):\n",
    "    folder = \"covariance_matrix_data\"\n",
    "\n",
    "    if not os.path.exists(folder):\n",
    "        return \"No matching .h5 files found.\"\n",
    "\n",
    "    # Handle string or list input\n",
    "    if isinstance(contains, str):\n",
    "        contains = contains.split(\"_\")  # assumes underscore-separated string\n",
    "    elif not isinstance(contains, list):\n",
    "        raise ValueError(\"contains must be a string or a list of substrings\")\n",
    "\n",
    "    # List and filter files\n",
    "    files = [f for f in os.listdir(folder) if f.endswith(\".h5\")]\n",
    "    filtered_files = [f for f in files if all(substr in f for substr in contains)]\n",
    "    filtered_files.sort()\n",
    "\n",
    "    # Return data or message\n",
    "    if filtered_files:\n",
    "        latest_file = os.path.join(folder, filtered_files[-1])\n",
    "        with h5py.File(latest_file, 'r') as f:\n",
    "            data = {name: f[name][()] for name in f.keys()}  # read all datasets\n",
    "        return data\n",
    "    else:\n",
    "        return \"No matching .h5 files found.\"\n",
    "        \n",
    "def get_all_cov(contains):\n",
    "    folder = \"covariance_matrix_data\"\n",
    "\n",
    "    if not os.path.exists(folder):\n",
    "        return \"Folder does not exist.\"\n",
    "\n",
    "    # Normalize input\n",
    "    if isinstance(contains, str):\n",
    "        contains = contains.split(\"_\")  # treat as underscore-separated if string\n",
    "    elif not isinstance(contains, list):\n",
    "        raise ValueError(\"contains must be a string or a list of substrings\")\n",
    "\n",
    "    # Supported file extensions\n",
    "    valid_exts = (\".h5\", \".hdf5\")\n",
    "\n",
    "    # Filter matching files\n",
    "    files = [f for f in os.listdir(folder) if f.endswith(valid_exts)]\n",
    "    filtered_files = [f for f in files if all(substr in f for substr in contains)]\n",
    "    filtered_files.sort()\n",
    "\n",
    "    if not filtered_files:\n",
    "        return \"No matching .h5 or .hdf5 files found.\"\n",
    "\n",
    "    # Load and return all matching files\n",
    "    all_data = {}\n",
    "    for file in filtered_files:\n",
    "        path = os.path.join(folder, file)\n",
    "        with h5py.File(path, 'r') as f:\n",
    "            file_data = {name: f[name][()] for name in f.keys()}\n",
    "        all_data[file] = file_data\n",
    "\n",
    "    return all_data\n",
    "\n"
   ]
  },
  {
   "cell_type": "code",
   "execution_count": 5,
   "id": "acfacb9a-e420-4554-9112-07cdd7e4a07b",
   "metadata": {
    "scrolled": true
   },
   "outputs": [
    {
     "name": "stdout",
     "output_type": "stream",
     "text": [
      "{'Cov_0': array([[1., 0., 0., 0., 0., 0., 0., 0., 0.],\n",
      "       [0., 1., 0., 0., 0., 0., 0., 0., 0.],\n",
      "       [0., 0., 1., 0., 0., 0., 0., 0., 0.],\n",
      "       [0., 0., 0., 1., 0., 0., 0., 0., 0.],\n",
      "       [0., 0., 0., 0., 1., 0., 0., 0., 0.],\n",
      "       [0., 0., 0., 0., 0., 1., 0., 0., 0.],\n",
      "       [0., 0., 0., 0., 0., 0., 1., 0., 0.],\n",
      "       [0., 0., 0., 0., 0., 0., 0., 1., 0.],\n",
      "       [0., 0., 0., 0., 0., 0., 0., 0., 1.]]), 'Cov_1': array([[ 1.01947443,  0.02572797,  0.04659178,  0.00473831,  0.03119564,\n",
      "         0.0470912 ,  0.03360557,  0.04382319,  0.00224596],\n",
      "       [ 0.02572797,  0.90607463,  0.01596108,  0.03894533,  0.03519235,\n",
      "         0.03534419,  0.01103413, -0.02100434, -0.02622358],\n",
      "       [ 0.04659178,  0.01596108,  1.01226138,  0.04731876,  0.01944953,\n",
      "         0.02777353, -0.00889408, -0.00721392, -0.00318768],\n",
      "       [ 0.00473831,  0.03894533,  0.04731876,  1.04312574,  0.06540839,\n",
      "         0.04891539,  0.01940774,  0.04683723, -0.00558766],\n",
      "       [ 0.03119564,  0.03519235,  0.01944953,  0.06540839,  1.03041003,\n",
      "         0.04453841, -0.00320391,  0.01921907,  0.00991161],\n",
      "       [ 0.0470912 ,  0.03534419,  0.02777353,  0.04891539,  0.04453841,\n",
      "         1.06949422,  0.01600921,  0.03968034,  0.00540487],\n",
      "       [ 0.03360557,  0.01103413, -0.00889408,  0.01940774, -0.00320391,\n",
      "         0.01600921,  0.98594347, -0.01795782, -0.00331034],\n",
      "       [ 0.04382319, -0.02100434, -0.00721392,  0.04683723,  0.01921907,\n",
      "         0.03968034, -0.01795782,  0.968977  ,  0.00654523],\n",
      "       [ 0.00224596, -0.02622358, -0.00318768, -0.00558766,  0.00991161,\n",
      "         0.00540487, -0.00331034,  0.00654523,  0.9706197 ]]), 'Cov_10': array([[ 6.02913280e-01, -7.61137001e-03,  6.21365910e-02,\n",
      "         2.59950857e-02,  6.98361658e-02,  7.29513105e-03,\n",
      "         1.46938029e-01,  8.47648403e-03,  1.37616417e-01],\n",
      "       [-7.61137001e-03,  4.44973921e-01, -2.17544811e-03,\n",
      "         6.20948363e-02,  9.22371376e-03, -2.00241605e-02,\n",
      "         2.26221031e-02, -5.49771743e-02, -4.85863485e-02],\n",
      "       [ 6.21365910e-02, -2.17544811e-03,  8.21368106e-01,\n",
      "        -2.37469810e-02,  3.50877683e-02,  7.55292021e-02,\n",
      "         6.01299281e-02, -5.13254132e-02,  7.43580193e-03],\n",
      "       [ 2.59950857e-02,  6.20948363e-02, -2.37469810e-02,\n",
      "         5.37040148e-01,  7.28695662e-02,  2.55387204e-02,\n",
      "         5.33580049e-02, -1.09251533e-02, -1.04692520e-01],\n",
      "       [ 6.98361658e-02,  9.22371376e-03,  3.50877683e-02,\n",
      "         7.28695662e-02,  8.57655182e-01,  9.67238820e-03,\n",
      "         1.02904646e-01, -5.24731401e-02,  3.88846738e-02],\n",
      "       [ 7.29513105e-03, -2.00241605e-02,  7.55292021e-02,\n",
      "         2.55387204e-02,  9.67238820e-03,  8.25393102e-01,\n",
      "        -4.30681568e-02, -5.13201411e-02,  7.42340107e-04],\n",
      "       [ 1.46938029e-01,  2.26221031e-02,  6.01299281e-02,\n",
      "         5.33580049e-02,  1.02904646e-01, -4.30681568e-02,\n",
      "         7.89392734e-01, -3.44435180e-02,  1.80547878e-02],\n",
      "       [ 8.47648403e-03, -5.49771743e-02, -5.13254132e-02,\n",
      "        -1.09251533e-02, -5.24731401e-02, -5.13201411e-02,\n",
      "        -3.44435180e-02,  6.55928017e-01, -7.06290489e-03],\n",
      "       [ 1.37616417e-01, -4.85863485e-02,  7.43580193e-03,\n",
      "        -1.04692520e-01,  3.88846738e-02,  7.42340107e-04,\n",
      "         1.80547878e-02, -7.06290489e-03,  6.63338950e-01]]), 'Cov_11': array([[ 5.88005206e-01, -1.46373782e-03,  4.85406881e-02,\n",
      "         5.07993437e-02,  5.46891052e-02, -4.18803598e-03,\n",
      "         1.47659280e-01,  2.20741419e-02,  1.34643127e-01],\n",
      "       [-1.46373782e-03,  4.26907658e-01, -2.20139334e-03,\n",
      "         7.01545895e-02,  8.13752601e-03, -3.48372184e-02,\n",
      "         1.25278560e-02, -2.57061510e-02, -6.95592065e-02],\n",
      "       [ 4.85406881e-02, -2.20139334e-03,  7.70558371e-01,\n",
      "        -4.59338798e-02, -1.63396416e-02,  2.50976875e-02,\n",
      "         4.29957971e-02, -1.78336048e-02,  2.24700166e-02],\n",
      "       [ 5.07993437e-02,  7.01545895e-02, -4.59338798e-02,\n",
      "         5.27770075e-01,  6.18470425e-02, -1.26457035e-02,\n",
      "         6.68492701e-02,  1.30293022e-02, -9.73095907e-02],\n",
      "       [ 5.46891052e-02,  8.13752601e-03, -1.63396416e-02,\n",
      "         6.18470425e-02,  8.21185529e-01,  6.65869953e-03,\n",
      "         9.69400402e-02, -2.48882432e-02,  9.74680223e-03],\n",
      "       [-4.18803598e-03, -3.48372184e-02,  2.50976875e-02,\n",
      "        -1.26457035e-02,  6.65869953e-03,  7.71639496e-01,\n",
      "        -6.22019754e-02, -2.68429726e-02,  3.90879999e-02],\n",
      "       [ 1.47659280e-01,  1.25278560e-02,  4.29957971e-02,\n",
      "         6.68492701e-02,  9.69400402e-02, -6.22019754e-02,\n",
      "         7.84379229e-01,  1.55776562e-03,  5.12563850e-04],\n",
      "       [ 2.20741419e-02, -2.57061510e-02, -1.78336048e-02,\n",
      "         1.30293022e-02, -2.48882432e-02, -2.68429726e-02,\n",
      "         1.55776562e-03,  6.29211361e-01,  8.56197821e-04],\n",
      "       [ 1.34643127e-01, -6.95592065e-02,  2.24700166e-02,\n",
      "        -9.73095907e-02,  9.74680223e-03,  3.90879999e-02,\n",
      "         5.12563850e-04,  8.56197821e-04,  5.95234206e-01]]), 'Cov_12': array([[ 5.77607715e-01, -5.77158139e-03,  4.21246056e-02,\n",
      "         5.55025868e-02,  4.52568621e-02, -2.45920928e-02,\n",
      "         1.87495088e-01,  1.29861443e-02,  1.18532203e-01],\n",
      "       [-5.77158139e-03,  4.15080960e-01,  3.94539943e-02,\n",
      "         4.91329900e-02, -9.80242665e-03, -2.37314388e-02,\n",
      "         9.56510199e-03, -4.57326768e-02, -8.47945900e-02],\n",
      "       [ 4.21246056e-02,  3.94539943e-02,  7.31535762e-01,\n",
      "        -3.51044173e-02, -1.31658198e-02, -6.62589008e-03,\n",
      "         9.66639318e-02, -2.04185289e-02,  2.17743601e-02],\n",
      "       [ 5.55025868e-02,  4.91329900e-02, -3.51044173e-02,\n",
      "         5.15336507e-01,  7.12532206e-02, -2.43366864e-02,\n",
      "         6.83325636e-02,  7.97051816e-03, -1.01476958e-01],\n",
      "       [ 4.52568621e-02, -9.80242665e-03, -1.31658198e-02,\n",
      "         7.12532206e-02,  7.70355465e-01, -2.38382134e-03,\n",
      "         1.27764243e-01,  5.51301970e-04, -1.46415061e-02],\n",
      "       [-2.45920928e-02, -2.37314388e-02, -6.62589008e-03,\n",
      "        -2.43366864e-02, -2.38382134e-03,  7.65605072e-01,\n",
      "        -7.55426978e-02, -1.36251815e-02,  8.79506421e-02],\n",
      "       [ 1.87495088e-01,  9.56510199e-03,  9.66639318e-02,\n",
      "         6.83325636e-02,  1.27764243e-01, -7.55426978e-02,\n",
      "         8.19942303e-01, -4.12312440e-02, -6.64862002e-02],\n",
      "       [ 1.29861443e-02, -4.57326768e-02, -2.04185289e-02,\n",
      "         7.97051816e-03,  5.51301970e-04, -1.36251815e-02,\n",
      "        -4.12312440e-02,  6.25643152e-01,  3.78547077e-02],\n",
      "       [ 1.18532203e-01, -8.47945900e-02,  2.17743601e-02,\n",
      "        -1.01476958e-01, -1.46415061e-02,  8.79506421e-02,\n",
      "        -6.64862002e-02,  3.78547077e-02,  6.19158882e-01]]), 'Cov_13': array([[ 0.53394901,  0.00593539,  0.01080843,  0.03472107,  0.06363383,\n",
      "        -0.0202023 ,  0.14838997,  0.02789587,  0.12068566],\n",
      "       [ 0.00593539,  0.38490782,  0.01607468,  0.08513148, -0.00793207,\n",
      "        -0.02044526,  0.00714859, -0.02915714, -0.06626129],\n",
      "       [ 0.01080843,  0.01607468,  0.74548679, -0.06278032,  0.00626757,\n",
      "        -0.01275615,  0.04755857, -0.04147478, -0.03979036],\n",
      "       [ 0.03472107,  0.08513148, -0.06278032,  0.47881095,  0.0714551 ,\n",
      "        -0.02831235,  0.05703995,  0.00692987, -0.07794122],\n",
      "       [ 0.06363383, -0.00793207,  0.00626757,  0.0714551 ,  0.81170742,\n",
      "        -0.01980538,  0.06831631,  0.01960537,  0.00349514],\n",
      "       [-0.0202023 , -0.02044526, -0.01275615, -0.02831235, -0.01980538,\n",
      "         0.75135577, -0.0517678 , -0.00386006,  0.07975313],\n",
      "       [ 0.14838997,  0.00714859,  0.04755857,  0.05703995,  0.06831631,\n",
      "        -0.0517678 ,  0.85165233, -0.01363452, -0.03576353],\n",
      "       [ 0.02789587, -0.02915714, -0.04147478,  0.00692987,  0.01960537,\n",
      "        -0.00386006, -0.01363452,  0.62410784,  0.04508782],\n",
      "       [ 0.12068566, -0.06626129, -0.03979036, -0.07794122,  0.00349514,\n",
      "         0.07975313, -0.03576353,  0.04508782,  0.62064161]]), 'Cov_14': array([[ 0.51721927,  0.01667296,  0.05089322,  0.04277143,  0.03956107,\n",
      "        -0.03028701,  0.14517351,  0.01926321,  0.08586182],\n",
      "       [ 0.01667296,  0.37641621,  0.00494753,  0.08182685, -0.01092315,\n",
      "        -0.00547488,  0.00284765, -0.02901078, -0.05561361],\n",
      "       [ 0.05089322,  0.00494753,  0.69039433, -0.05413008,  0.02576275,\n",
      "        -0.0175732 ,  0.04567047, -0.03926233,  0.00322144],\n",
      "       [ 0.04277143,  0.08182685, -0.05413008,  0.46491526,  0.04723767,\n",
      "        -0.00611055,  0.0498122 , -0.0040401 , -0.08503063],\n",
      "       [ 0.03956107, -0.01092315,  0.02576275,  0.04723767,  0.81016254,\n",
      "        -0.01889063,  0.05967033,  0.00389344, -0.08264827],\n",
      "       [-0.03028701, -0.00547488, -0.0175732 , -0.00611055, -0.01889063,\n",
      "         0.73806955, -0.03820977,  0.0311703 ,  0.0993788 ],\n",
      "       [ 0.14517351,  0.00284765,  0.04567047,  0.0498122 ,  0.05967033,\n",
      "        -0.03820977,  0.85649316, -0.00632451, -0.05721661],\n",
      "       [ 0.01926321, -0.02901078, -0.03926233, -0.0040401 ,  0.00389344,\n",
      "         0.0311703 , -0.00632451,  0.60488151,  0.03094033],\n",
      "       [ 0.08586182, -0.05561361,  0.00322144, -0.08503063, -0.08264827,\n",
      "         0.0993788 , -0.05721661,  0.03094033,  0.54771545]]), 'Cov_15': array([[ 0.4940657 ,  0.03177371,  0.06472038,  0.04691165,  0.0175494 ,\n",
      "         0.00282351,  0.13629505,  0.00342391,  0.05510266],\n",
      "       [ 0.03177371,  0.33838032, -0.0051552 ,  0.0625796 ,  0.01115344,\n",
      "        -0.00933484, -0.01287528, -0.03592983, -0.0109423 ],\n",
      "       [ 0.06472038, -0.0051552 ,  0.6866186 , -0.0598475 ,  0.04249501,\n",
      "        -0.01027382,  0.05455029, -0.04706082,  0.01877825],\n",
      "       [ 0.04691165,  0.0625796 , -0.0598475 ,  0.47578663,  0.04775421,\n",
      "         0.02462262,  0.05210725, -0.02953651, -0.0966015 ],\n",
      "       [ 0.0175494 ,  0.01115344,  0.04249501,  0.04775421,  0.79164288,\n",
      "        -0.00605636,  0.03865118,  0.0118888 , -0.08185428],\n",
      "       [ 0.00282351, -0.00933484, -0.01027382,  0.02462262, -0.00605636,\n",
      "         0.73154749,  0.02332932,  0.02422849,  0.06105892],\n",
      "       [ 0.13629505, -0.01287528,  0.05455029,  0.05210725,  0.03865118,\n",
      "         0.02332932,  0.82718763, -0.03222839, -0.06402256],\n",
      "       [ 0.00342391, -0.03592983, -0.04706082, -0.02953651,  0.0118888 ,\n",
      "         0.02422849, -0.03222839,  0.61576051,  0.05720468],\n",
      "       [ 0.05510266, -0.0109423 ,  0.01877825, -0.0966015 , -0.08185428,\n",
      "         0.06105892, -0.06402256,  0.05720468,  0.5199157 ]]), 'Cov_16': array([[ 0.46002423,  0.03462134,  0.0634854 ,  0.05637049,  0.03133439,\n",
      "        -0.00823196,  0.12233486,  0.02649734,  0.03993172],\n",
      "       [ 0.03462134,  0.31399152, -0.02526006,  0.0605252 ,  0.04987818,\n",
      "        -0.01729894,  0.00874956, -0.03102148, -0.01894142],\n",
      "       [ 0.0634854 , -0.02526006,  0.68967344, -0.06026016,  0.07384287,\n",
      "        -0.02450338,  0.08725539, -0.0505925 ,  0.00509202],\n",
      "       [ 0.05637049,  0.0605252 , -0.06026016,  0.48774521,  0.02111397,\n",
      "         0.06841242,  0.07308902, -0.04308988, -0.08958064],\n",
      "       [ 0.03133439,  0.04987818,  0.07384287,  0.02111397,  0.74344486,\n",
      "        -0.01869959,  0.02341599,  0.03144006, -0.0506154 ],\n",
      "       [-0.00823196, -0.01729894, -0.02450338,  0.06841242, -0.01869959,\n",
      "         0.78081419,  0.0304487 , -0.02026543,  0.06529812],\n",
      "       [ 0.12233486,  0.00874956,  0.08725539,  0.07308902,  0.02341599,\n",
      "         0.0304487 ,  0.83828259, -0.0676307 , -0.04687328],\n",
      "       [ 0.02649734, -0.03102148, -0.0505925 , -0.04308988,  0.03144006,\n",
      "        -0.02026543, -0.0676307 ,  0.62841662,  0.04701207],\n",
      "       [ 0.03993172, -0.01894142,  0.00509202, -0.08958064, -0.0506154 ,\n",
      "         0.06529812, -0.04687328,  0.04701207,  0.47752663]]), 'Cov_17': array([[ 0.41309325,  0.01808266,  0.04418952,  0.057365  ,  0.04558698,\n",
      "        -0.05200976,  0.12272403,  0.0449833 ,  0.03052145],\n",
      "       [ 0.01808266,  0.2939371 , -0.0348563 ,  0.06055591,  0.05081487,\n",
      "        -0.01949891,  0.01926504, -0.03890932, -0.03525066],\n",
      "       [ 0.04418952, -0.0348563 ,  0.68299981, -0.05235469,  0.06752388,\n",
      "        -0.04896297,  0.0841137 , -0.04821561, -0.01328251],\n",
      "       [ 0.057365  ,  0.06055591, -0.05235469,  0.48710965,  0.03693136,\n",
      "         0.08721063,  0.07071522, -0.03622932, -0.07833094],\n",
      "       [ 0.04558698,  0.05081487,  0.06752388,  0.03693136,  0.69716664,\n",
      "        -0.03232911,  0.04746419,  0.0099677 , -0.07275898],\n",
      "       [-0.05200976, -0.01949891, -0.04896297,  0.08721063, -0.03232911,\n",
      "         0.80900151,  0.04106867, -0.03350527,  0.06926322],\n",
      "       [ 0.12272403,  0.01926504,  0.0841137 ,  0.07071522,  0.04746419,\n",
      "         0.04106867,  0.77876692, -0.06314017, -0.03785015],\n",
      "       [ 0.0449833 , -0.03890932, -0.04821561, -0.03622932,  0.0099677 ,\n",
      "        -0.03350527, -0.06314017,  0.63252903,  0.05555152],\n",
      "       [ 0.03052145, -0.03525066, -0.01328251, -0.07833094, -0.07275898,\n",
      "         0.06926322, -0.03785015,  0.05555152,  0.51340247]]), 'Cov_18': array([[ 0.3831226 ,  0.02378964,  0.04630232,  0.0602333 ,  0.07553668,\n",
      "        -0.04899268,  0.09766537,  0.04527207,  0.00940858],\n",
      "       [ 0.02378964,  0.29024724, -0.05031244,  0.06475214,  0.04483615,\n",
      "        -0.02106827,  0.01565262, -0.03636835, -0.02965294],\n",
      "       [ 0.04630232, -0.05031244,  0.62003285, -0.04757745,  0.05119841,\n",
      "        -0.08288093,  0.05621358, -0.04449164, -0.02030534],\n",
      "       [ 0.0602333 ,  0.06475214, -0.04757745,  0.48763566,  0.04606344,\n",
      "         0.1215153 ,  0.07875462, -0.03616265, -0.07146359],\n",
      "       [ 0.07553668,  0.04483615,  0.05119841,  0.04606344,  0.68824579,\n",
      "        -0.05005563,  0.0521002 ,  0.00573299, -0.07343519],\n",
      "       [-0.04899268, -0.02106827, -0.08288093,  0.1215153 , -0.05005563,\n",
      "         0.86487296,  0.00382956, -0.04435238,  0.0607371 ],\n",
      "       [ 0.09766537,  0.01565262,  0.05621358,  0.07875462,  0.0521002 ,\n",
      "         0.00382956,  0.71504348, -0.06146582, -0.05742262],\n",
      "       [ 0.04527207, -0.03636835, -0.04449164, -0.03616265,  0.00573299,\n",
      "        -0.04435238, -0.06146582,  0.63689897,  0.06946582],\n",
      "       [ 0.00940858, -0.02965294, -0.02030534, -0.07146359, -0.07343519,\n",
      "         0.0607371 , -0.05742262,  0.06946582,  0.49663777]]), 'Cov_19': array([[ 3.75268667e-01,  3.36720776e-02,  5.81792832e-02,\n",
      "         3.15061295e-02,  9.72308772e-02, -5.57844756e-02,\n",
      "         7.34081611e-02,  6.53081990e-02, -3.98025510e-05],\n",
      "       [ 3.36720776e-02,  2.60822785e-01, -4.72417857e-02,\n",
      "         4.40899991e-02,  3.68567937e-02, -1.01054366e-02,\n",
      "         2.16074183e-03, -4.57991942e-02, -8.82864760e-03],\n",
      "       [ 5.81792832e-02, -4.72417857e-02,  6.19649079e-01,\n",
      "        -3.90315697e-02,  2.95668730e-02, -8.53177450e-02,\n",
      "         4.56116246e-02, -3.67697599e-02, -2.49762644e-02],\n",
      "       [ 3.15061295e-02,  4.40899991e-02, -3.90315697e-02,\n",
      "         4.34542752e-01,  4.18347022e-02,  1.21658363e-01,\n",
      "         3.43496522e-02, -2.27898368e-02, -5.52971207e-02],\n",
      "       [ 9.72308772e-02,  3.68567937e-02,  2.95668730e-02,\n",
      "         4.18347022e-02,  6.59282630e-01, -3.34388896e-02,\n",
      "         3.81660800e-02,  4.55276132e-03, -6.32895362e-02],\n",
      "       [-5.57844756e-02, -1.01054366e-02, -8.53177450e-02,\n",
      "         1.21658363e-01, -3.34388896e-02,  8.35540513e-01,\n",
      "        -1.57291472e-02, -4.77707337e-02,  6.27580990e-02],\n",
      "       [ 7.34081611e-02,  2.16074183e-03,  4.56116246e-02,\n",
      "         3.43496522e-02,  3.81660800e-02, -1.57291472e-02,\n",
      "         6.76270730e-01, -5.80782889e-02, -4.64272076e-02],\n",
      "       [ 6.53081990e-02, -4.57991942e-02, -3.67697599e-02,\n",
      "        -2.27898368e-02,  4.55276132e-03, -4.77707337e-02,\n",
      "        -5.80782889e-02,  6.16777559e-01,  7.18571397e-02],\n",
      "       [-3.98025510e-05, -8.82864760e-03, -2.49762644e-02,\n",
      "        -5.52971207e-02, -6.32895362e-02,  6.27580990e-02,\n",
      "        -4.64272076e-02,  7.18571397e-02,  4.83120313e-01]]), 'Cov_2': array([[ 1.0280115 ,  0.031198  ,  0.06595834,  0.01077239,  0.03618216,\n",
      "         0.07118113,  0.05585992,  0.05345062,  0.01443395],\n",
      "       [ 0.031198  ,  0.78525802, -0.00452048,  0.06972198, -0.01122399,\n",
      "        -0.0378776 ,  0.00295073, -0.11106114, -0.01565852],\n",
      "       [ 0.06595834, -0.00452048,  1.0754765 ,  0.09881284,  0.06806803,\n",
      "         0.03291638,  0.04368908, -0.01048031,  0.03278396],\n",
      "       [ 0.01077239,  0.06972198,  0.09881284,  0.97427285,  0.0750776 ,\n",
      "         0.04150631,  0.03919527,  0.08856031,  0.02168478],\n",
      "       [ 0.03618216, -0.01122399,  0.06806803,  0.0750776 ,  1.05390062,\n",
      "         0.02813694,  0.03403224,  0.0127978 ,  0.06396279],\n",
      "       [ 0.07118113, -0.0378776 ,  0.03291638,  0.04150631,  0.02813694,\n",
      "         1.01383659,  0.01187677, -0.00693738,  0.01295267],\n",
      "       [ 0.05585992,  0.00295073,  0.04368908,  0.03919527,  0.03403224,\n",
      "         0.01187677,  1.02779866, -0.01701445,  0.01093371],\n",
      "       [ 0.05345062, -0.11106114, -0.01048031,  0.08856031,  0.0127978 ,\n",
      "        -0.00693738, -0.01701445,  0.88829119,  0.00828686],\n",
      "       [ 0.01443395, -0.01565852,  0.03278396,  0.02168478,  0.06396279,\n",
      "         0.01295267,  0.01093371,  0.00828686,  0.97875214]]), 'Cov_20': array([[ 0.35305565,  0.04207817,  0.03781606,  0.057815  ,  0.08420734,\n",
      "        -0.07297476,  0.08370278,  0.043309  , -0.00598188],\n",
      "       [ 0.04207817,  0.26403664, -0.04598536,  0.04617255,  0.04045694,\n",
      "        -0.01897396,  0.00106119, -0.04658735, -0.01245773],\n",
      "       [ 0.03781606, -0.04598536,  0.58922007,  0.01409245,  0.00719386,\n",
      "        -0.07731262,  0.06193728, -0.07150294, -0.03962219],\n",
      "       [ 0.057815  ,  0.04617255,  0.01409245,  0.42114096,  0.04766902,\n",
      "         0.12350749,  0.06968221, -0.0525081 , -0.04583131],\n",
      "       [ 0.08420734,  0.04045694,  0.00719386,  0.04766902,  0.62604959,\n",
      "        -0.07902384,  0.03489637,  0.00401755, -0.06653286],\n",
      "       [-0.07297476, -0.01897396, -0.07731262,  0.12350749, -0.07902384,\n",
      "         0.84816376, -0.0175279 , -0.08684508,  0.0880143 ],\n",
      "       [ 0.08370278,  0.00106119,  0.06193728,  0.06968221,  0.03489637,\n",
      "        -0.0175279 ,  0.68716806, -0.08453146, -0.05680699],\n",
      "       [ 0.043309  , -0.04658735, -0.07150294, -0.0525081 ,  0.00401755,\n",
      "        -0.08684508, -0.08453146,  0.67707447,  0.07930252],\n",
      "       [-0.00598188, -0.01245773, -0.03962219, -0.04583131, -0.06653286,\n",
      "         0.0880143 , -0.05680699,  0.07930252,  0.50037195]]), 'Cov_21': array([[ 0.34563572,  0.04008415,  0.0240295 ,  0.05789636,  0.06669518,\n",
      "        -0.0595859 ,  0.08568696,  0.04928619,  0.01739121],\n",
      "       [ 0.04008415,  0.27207367, -0.04669124,  0.02774382,  0.0408311 ,\n",
      "        -0.04120258, -0.00704132, -0.0410012 , -0.03322569],\n",
      "       [ 0.0240295 , -0.04669124,  0.57196627,  0.02651858, -0.02614665,\n",
      "        -0.07025524,  0.05578139, -0.07389489, -0.01900226],\n",
      "       [ 0.05789636,  0.02774382,  0.02651858,  0.40351116,  0.03779613,\n",
      "         0.12865128,  0.08082219, -0.06045244, -0.01563571],\n",
      "       [ 0.06669518,  0.0408311 , -0.02614665,  0.03779613,  0.58857153,\n",
      "        -0.08503762,  0.03740402,  0.02256904, -0.01995181],\n",
      "       [-0.0595859 , -0.04120258, -0.07025524,  0.12865128, -0.08503762,\n",
      "         0.82893239, -0.05252848, -0.07433491,  0.10075907],\n",
      "       [ 0.08568696, -0.00704132,  0.05578139,  0.08082219,  0.03740402,\n",
      "        -0.05252848,  0.67931753, -0.08020834, -0.06698494],\n",
      "       [ 0.04928619, -0.0410012 , -0.07389489, -0.06045244,  0.02256904,\n",
      "        -0.07433491, -0.08020834,  0.6691996 ,  0.07387774],\n",
      "       [ 0.01739121, -0.03322569, -0.01900226, -0.01563571, -0.01995181,\n",
      "         0.10075907, -0.06698494,  0.07387774,  0.47437943]]), 'Cov_22': array([[ 0.34513911,  0.02958185,  0.04680791,  0.04364899,  0.05226053,\n",
      "        -0.07811007,  0.08520115,  0.03986085,  0.02902733],\n",
      "       [ 0.02958185,  0.27437999, -0.04868318,  0.01158707,  0.03335081,\n",
      "        -0.04232991, -0.00371503, -0.04363736, -0.03367981],\n",
      "       [ 0.04680791, -0.04868318,  0.55606462,  0.05100214,  0.00130141,\n",
      "        -0.10707108,  0.05539167, -0.04473   , -0.04151858],\n",
      "       [ 0.04364899,  0.01158707,  0.05100214,  0.38054208,  0.01833391,\n",
      "         0.12660212,  0.06989618, -0.05788455, -0.01255442],\n",
      "       [ 0.05226053,  0.03335081,  0.00130141,  0.01833391,  0.54854013,\n",
      "        -0.09634087,  0.0305979 , -0.0084179 , -0.00957479],\n",
      "       [-0.07811007, -0.04232991, -0.10707108,  0.12660212, -0.09634087,\n",
      "         0.85733466, -0.04678587, -0.06443558,  0.10068572],\n",
      "       [ 0.08520115, -0.00371503,  0.05539167,  0.06989618,  0.0305979 ,\n",
      "        -0.04678587,  0.63991371, -0.03135783, -0.06991535],\n",
      "       [ 0.03986085, -0.04363736, -0.04473   , -0.05788455, -0.0084179 ,\n",
      "        -0.06443558, -0.03135783,  0.57584873,  0.10138671],\n",
      "       [ 0.02902733, -0.03367981, -0.04151858, -0.01255442, -0.00957479,\n",
      "         0.10068572, -0.06991535,  0.10138671,  0.48289426]]), 'Cov_23': array([[ 0.331598  ,  0.02718126,  0.0424943 ,  0.0425317 ,  0.05859574,\n",
      "        -0.08609744,  0.09010134,  0.05249532,  0.01953117],\n",
      "       [ 0.02718126,  0.27383215, -0.06875856, -0.00881379,  0.04399623,\n",
      "        -0.04905977,  0.01816818, -0.02804819, -0.05604217],\n",
      "       [ 0.0424943 , -0.06875856,  0.55623101,  0.04051509, -0.00968918,\n",
      "        -0.10114161,  0.06156141, -0.05519766, -0.05128007],\n",
      "       [ 0.0425317 , -0.00881379,  0.04051509,  0.36549288, -0.0142168 ,\n",
      "         0.11438814,  0.06356948, -0.06593979, -0.01985838],\n",
      "       [ 0.05859574,  0.04399623, -0.00968918, -0.0142168 ,  0.52506562,\n",
      "        -0.12699902,  0.04241847,  0.05559736, -0.0375299 ],\n",
      "       [-0.08609744, -0.04905977, -0.10114161,  0.11438814, -0.12699902,\n",
      "         0.84809127, -0.05690283, -0.06401802,  0.08728046],\n",
      "       [ 0.09010134,  0.01816818,  0.06156141,  0.06356948,  0.04241847,\n",
      "        -0.05690283,  0.62249185, -0.00664217, -0.07480751],\n",
      "       [ 0.05249532, -0.02804819, -0.05519766, -0.06593979,  0.05559736,\n",
      "        -0.06401802, -0.00664217,  0.61237796,  0.09952869],\n",
      "       [ 0.01953117, -0.05604217, -0.05128007, -0.01985838, -0.0375299 ,\n",
      "         0.08728046, -0.07480751,  0.09952869,  0.4682936 ]]), 'Cov_24': array([[ 0.34354826,  0.01871949,  0.04600045,  0.03735976,  0.03921978,\n",
      "        -0.0844209 ,  0.06960828,  0.04455651,  0.00769105],\n",
      "       [ 0.01871949,  0.23633064, -0.04298845,  0.00733127,  0.01840658,\n",
      "        -0.03378813,  0.01987623, -0.06113606, -0.06214295],\n",
      "       [ 0.04600045, -0.04298845,  0.56334735,  0.05029658, -0.02435394,\n",
      "        -0.08956082,  0.05878578, -0.04987639, -0.05344484],\n",
      "       [ 0.03735976,  0.00733127,  0.05029658,  0.36411808, -0.0136225 ,\n",
      "         0.12898033,  0.05579438, -0.05473245, -0.0201806 ],\n",
      "       [ 0.03921978,  0.01840658, -0.02435394, -0.0136225 ,  0.48423506,\n",
      "        -0.11493351,  0.00842907,  0.05018958, -0.02683226],\n",
      "       [-0.0844209 , -0.03378813, -0.08956082,  0.12898033, -0.11493351,\n",
      "         0.8668428 , -0.04460359, -0.06513693,  0.08035606],\n",
      "       [ 0.06960828,  0.01987623,  0.05878578,  0.05579438,  0.00842907,\n",
      "        -0.04460359,  0.60189681,  0.00912549, -0.05791071],\n",
      "       [ 0.04455651, -0.06113606, -0.04987639, -0.05473245,  0.05018958,\n",
      "        -0.06513693,  0.00912549,  0.58244972,  0.09493512],\n",
      "       [ 0.00769105, -0.06214295, -0.05344484, -0.0201806 , -0.02683226,\n",
      "         0.08035606, -0.05791071,  0.09493512,  0.46611502]]), 'Cov_25': array([[ 0.33220026,  0.00507768,  0.02421863,  0.02867571,  0.04432617,\n",
      "        -0.09921599,  0.05494892,  0.02733743, -0.00129019],\n",
      "       [ 0.00507768,  0.23642225, -0.03734189,  0.00807499,  0.0062637 ,\n",
      "        -0.04463714,  0.02541598, -0.05389067, -0.05380186],\n",
      "       [ 0.02421863, -0.03734189,  0.56486202,  0.04095156, -0.01857837,\n",
      "        -0.11271459,  0.06469177, -0.04614271, -0.04139975],\n",
      "       [ 0.02867571,  0.00807499,  0.04095156,  0.34201886, -0.00493791,\n",
      "         0.09523017,  0.06286855, -0.04265994, -0.01146611],\n",
      "       [ 0.04432617,  0.0062637 , -0.01857837, -0.00493791,  0.45087994,\n",
      "        -0.08482101, -0.00316618,  0.05811392, -0.01756879],\n",
      "       [-0.09921599, -0.04463714, -0.11271459,  0.09523017, -0.08482101,\n",
      "         0.78802389, -0.05279576, -0.03995336,  0.09852661],\n",
      "       [ 0.05494892,  0.02541598,  0.06469177,  0.06286855, -0.00316618,\n",
      "        -0.05279576,  0.62041584,  0.00953702, -0.04195277],\n",
      "       [ 0.02733743, -0.05389067, -0.04614271, -0.04265994,  0.05811392,\n",
      "        -0.03995336,  0.00953702,  0.56337828,  0.11011264],\n",
      "       [-0.00129019, -0.05380186, -0.04139975, -0.01146611, -0.01756879,\n",
      "         0.09852661, -0.04195277,  0.11011264,  0.48624814]]), 'Cov_26': array([[ 0.33966464, -0.01496888,  0.03307472,  0.03407224,  0.04793136,\n",
      "        -0.07046624,  0.04246187,  0.01834759, -0.00256658],\n",
      "       [-0.01496888,  0.24697464, -0.04155152,  0.01680879, -0.00640364,\n",
      "        -0.05117859,  0.05307564, -0.06127521, -0.04511038],\n",
      "       [ 0.03307472, -0.04155152,  0.56261657,  0.02479985,  0.00723098,\n",
      "        -0.10832013,  0.04251421, -0.02307071, -0.03618163],\n",
      "       [ 0.03407224,  0.01680879,  0.02479985,  0.3392682 ,  0.00172393,\n",
      "         0.09605154,  0.07039418, -0.03669648, -0.02707145],\n",
      "       [ 0.04793136, -0.00640364,  0.00723098,  0.00172393,  0.42692771,\n",
      "        -0.08266127, -0.02124515,  0.05589614, -0.00331852],\n",
      "       [-0.07046624, -0.05117859, -0.10832013,  0.09605154, -0.08266127,\n",
      "         0.76558391, -0.02697146, -0.03728256,  0.09342545],\n",
      "       [ 0.04246187,  0.05307564,  0.04251421,  0.07039418, -0.02124515,\n",
      "        -0.02697146,  0.57856814,  0.02122764, -0.04798323],\n",
      "       [ 0.01834759, -0.06127521, -0.02307071, -0.03669648,  0.05589614,\n",
      "        -0.03728256,  0.02122764,  0.53515272,  0.11094908],\n",
      "       [-0.00256658, -0.04511038, -0.03618163, -0.02707145, -0.00331852,\n",
      "         0.09342545, -0.04798323,  0.11094908,  0.47233168]]), 'Cov_27': array([[ 0.3784889 , -0.03450697,  0.06756134,  0.0305841 ,  0.05997197,\n",
      "        -0.06482901,  0.01246363,  0.01113451, -0.00391733],\n",
      "       [-0.03450697,  0.22753359, -0.0846547 ,  0.02925871, -0.00863312,\n",
      "        -0.01981988,  0.06389391, -0.03138838, -0.04568389],\n",
      "       [ 0.06756134, -0.0846547 ,  0.57803048,  0.03102557,  0.02470048,\n",
      "        -0.06406811,  0.03907841,  0.00419515, -0.05435339],\n",
      "       [ 0.0305841 ,  0.02925871,  0.03102557,  0.3306974 , -0.00262683,\n",
      "         0.08433061,  0.07957788, -0.04940468, -0.01687315],\n",
      "       [ 0.05997197, -0.00863312,  0.02470048, -0.00262683,  0.4190263 ,\n",
      "        -0.08837926, -0.02655482,  0.04807401, -0.00491348],\n",
      "       [-0.06482901, -0.01981988, -0.06406811,  0.08433061, -0.08837926,\n",
      "         0.75373714, -0.02343879, -0.08897887,  0.09229156],\n",
      "       [ 0.01246363,  0.06389391,  0.03907841,  0.07957788, -0.02655482,\n",
      "        -0.02343879,  0.55376568,  0.01813022, -0.05249079],\n",
      "       [ 0.01113451, -0.03138838,  0.00419515, -0.04940468,  0.04807401,\n",
      "        -0.08897887,  0.01813022,  0.52467811,  0.11964216],\n",
      "       [-0.00391733, -0.04568389, -0.05435339, -0.01687315, -0.00491348,\n",
      "         0.09229156, -0.05249079,  0.11964216,  0.4770112 ]]), 'Cov_28': array([[ 0.36184873, -0.01983465,  0.08072618,  0.02784044,  0.04026878,\n",
      "        -0.07341833, -0.0074316 ,  0.00574732, -0.00240435],\n",
      "       [-0.01983465,  0.20740928, -0.0943416 ,  0.03184349,  0.00784289,\n",
      "        -0.01776739,  0.06174905, -0.02465397, -0.03697348],\n",
      "       [ 0.08072618, -0.0943416 ,  0.66649154,  0.02631945,  0.04158454,\n",
      "        -0.10545819,  0.01993787,  0.02246073, -0.07207282],\n",
      "       [ 0.02784044,  0.03184349,  0.02631945,  0.33372138, -0.00486187,\n",
      "         0.08615811,  0.08554704, -0.04622222, -0.01064418],\n",
      "       [ 0.04026878,  0.00784289,  0.04158454, -0.00486187,  0.37967188,\n",
      "        -0.06726656, -0.04215344,  0.05208812,  0.00237774],\n",
      "       [-0.07341833, -0.01776739, -0.10545819,  0.08615811, -0.06726656,\n",
      "         0.76118168, -0.02710742, -0.11208469,  0.09521022],\n",
      "       [-0.0074316 ,  0.06174905,  0.01993787,  0.08554704, -0.04215344,\n",
      "        -0.02710742,  0.54319661,  0.01763829, -0.03677252],\n",
      "       [ 0.00574732, -0.02465397,  0.02246073, -0.04622222,  0.05208812,\n",
      "        -0.11208469,  0.01763829,  0.52185747,  0.10034861],\n",
      "       [-0.00240435, -0.03697348, -0.07207282, -0.01064418,  0.00237774,\n",
      "         0.09521022, -0.03677252,  0.10034861,  0.46132327]]), 'Cov_29': array([[ 3.50048039e-01, -1.81696067e-02,  5.90514817e-02,\n",
      "         2.33155423e-02,  2.22592358e-02, -9.00225538e-02,\n",
      "        -9.51933974e-03, -1.52882300e-02, -7.30152114e-03],\n",
      "       [-1.81696067e-02,  2.05015308e-01, -8.24052528e-02,\n",
      "         3.27117112e-02,  2.31211268e-02, -1.69334005e-02,\n",
      "         5.86969725e-02, -1.75416857e-02, -3.84442305e-02],\n",
      "       [ 5.90514817e-02, -8.24052528e-02,  6.78906755e-01,\n",
      "         1.37103424e-02,  3.90856013e-02, -1.32770274e-01,\n",
      "         1.31389185e-02,  1.16113249e-02, -8.70024358e-02],\n",
      "       [ 2.33155423e-02,  3.27117112e-02,  1.37103424e-02,\n",
      "         3.00175490e-01,  5.85575327e-03,  7.47571340e-02,\n",
      "         9.57878649e-02, -3.88259765e-02, -2.16105985e-02],\n",
      "       [ 2.22592358e-02,  2.31211268e-02,  3.90856013e-02,\n",
      "         5.85575327e-03,  3.64462825e-01, -7.80544391e-02,\n",
      "        -5.82633852e-02,  3.18370710e-02, -2.03178605e-04],\n",
      "       [-9.00225538e-02, -1.69334005e-02, -1.32770274e-01,\n",
      "         7.47571340e-02, -7.80544391e-02,  7.35152358e-01,\n",
      "        -2.60527395e-02, -1.06991580e-01,  1.03429196e-01],\n",
      "       [-9.51933974e-03,  5.86969725e-02,  1.31389185e-02,\n",
      "         9.57878649e-02, -5.82633852e-02, -2.60527395e-02,\n",
      "         5.08100145e-01,  2.42686930e-02, -3.21962172e-02],\n",
      "       [-1.52882300e-02, -1.75416857e-02,  1.16113249e-02,\n",
      "        -3.88259765e-02,  3.18370710e-02, -1.06991580e-01,\n",
      "         2.42686930e-02,  5.01524289e-01,  9.00568686e-02],\n",
      "       [-7.30152114e-03, -3.84442305e-02, -8.70024358e-02,\n",
      "        -2.16105985e-02, -2.03178605e-04,  1.03429196e-01,\n",
      "        -3.21962172e-02,  9.00568686e-02,  4.58560366e-01]]), 'Cov_3': array([[ 0.95265392,  0.01608382,  0.08029629,  0.03479302,  0.02346044,\n",
      "         0.04058111,  0.06763803,  0.0397213 ,  0.05412802],\n",
      "       [ 0.01608382,  0.7683389 , -0.01302828,  0.07226764, -0.02180324,\n",
      "        -0.03403113,  0.0070601 , -0.11722199, -0.0251812 ],\n",
      "       [ 0.08029629, -0.01302828,  1.04881861,  0.0537737 ,  0.03761528,\n",
      "         0.08037929,  0.05072439, -0.01586277,  0.03393581],\n",
      "       [ 0.03479302,  0.07226764,  0.0537737 ,  0.89526785,  0.07587274,\n",
      "         0.05640509,  0.07258193,  0.04412752,  0.01309693],\n",
      "       [ 0.02346044, -0.02180324,  0.03761528,  0.07587274,  1.03350649,\n",
      "         0.06406337,  0.03743569,  0.02200971,  0.0832785 ],\n",
      "       [ 0.04058111, -0.03403113,  0.08037929,  0.05640509,  0.06406337,\n",
      "         0.95967055,  0.01203596, -0.03441536,  0.00505776],\n",
      "       [ 0.06763803,  0.0070601 ,  0.05072439,  0.07258193,  0.03743569,\n",
      "         0.01203596,  1.0230425 ,  0.02327868,  0.00728033],\n",
      "       [ 0.0397213 , -0.11722199, -0.01586277,  0.04412752,  0.02200971,\n",
      "        -0.03441536,  0.02327868,  0.81807221, -0.01777157],\n",
      "       [ 0.05412802, -0.0251812 ,  0.03393581,  0.01309693,  0.0832785 ,\n",
      "         0.00505776,  0.00728033, -0.01777157,  0.94827506]]), 'Cov_30': array([[ 0.33328091, -0.01349613,  0.08866233,  0.00615039,  0.02706608,\n",
      "        -0.08127509, -0.00130674, -0.00247822,  0.01574307],\n",
      "       [-0.01349613,  0.19895974, -0.0893485 ,  0.02754592,  0.02612639,\n",
      "        -0.02020501,  0.05712483, -0.0173791 , -0.04140313],\n",
      "       [ 0.08866233, -0.0893485 ,  0.65342133,  0.02697019,  0.00837308,\n",
      "        -0.12636116,  0.00750052,  0.00173335, -0.07704439],\n",
      "       [ 0.00615039,  0.02754592,  0.02697019,  0.27037895,  0.00895712,\n",
      "         0.07381729,  0.08768337, -0.030851  , -0.004502  ],\n",
